[{"id": 0, "img_name": "frame_000000.png", "width": 3840, "height": 2160, "position": [-0.1037705359306381, 0.05789375035285421, 0.10615354649473632], "rotation": [[0.9613782905002227, 0.056888356421792435, 0.26928702119318604], [-0.0385132727056798, -0.9409737121285137, 0.33628160481044966], [0.27252249944723883, -0.3336649589214015, -0.9024407443090411]], "fy": 2576.96728515625, "fx": 2576.9672851562505}, {"id": 1, "img_name": "frame_000001.png", "width": 3840, "height": 2160, "position": [0.18357509055951682, 0.09171636994873829, 0.13281804201268735], "rotation": [[0.926719605477535, 0.08518098477008844, 0.3659712703634346], [-0.00657551225350884, -0.9701405988524521, 0.24245397361874702], [0.3756960653725723, -0.2270932991493014, -0.8984882025128188]], "fy": 2576.96728515625, "fx": 2576.9672851562505}, {"id": 2, "img_name": "frame_000002.png", "width": 3840, "height": 2160, "position": [0.31877487035293056, 0.08745741187791288, 0.18380575353004966], "rotation": [[0.7133070233763864, 0.08219036471160776, 0.6960156524193948], [-0.048220269545048364, -0.9849909270742387, 0.16573280039038643], [0.6991908538226353, -0.15178043177171982, -0.6986376587931925]], "fy": 2576.96728515625, "fx": 2576.9672851562505}, {"id": 3, "img_name": "frame_000003.png", "width": 3840, "height": 2160, "position": [0.5110569848200114, 0.06855953128773054, 0.332570815321602], "rotation": [[0.8426811560400661, 0.2046342000219792, 0.49800935149405656], [0.10975587782710738, -0.9708244931590687, 0.21319817078268383], [0.5271073109686178, -0.12499862768865093, -0.8405553131397956]], "fy": 2576.96728515625, "fx": 2576.9672851562505}, {"id": 4, "img_name": "frame_000004.png", "width": 3840, "height": 2160, "position": [0.3832707705998521, 0.007369436968034387, 0.1479467484976221], "rotation": [[0.36109592379594757, 0.4931599214996234, 0.7914562095498554], [0.15050825226420322, -0.8684141447187133, 0.4724445621776856], [0.9203026164305488, -0.051477083807994976, -0.38780536333283616]], "fy": 2576.96728515625, "fx": 2576.9672851562505}, {"id": 5, "img_name": "frame_000005.png", "width": 3840, "height": 2160, "position": [0.321355810127622, 0.008397742361856328, 0.16737267648905257], "rotation": [[0.2587967483980476, 0.6764834480950361, 0.6894884612234533], [0.10347322275543533, -0.7291147559893584, 0.6765240939791569], [0.960373617858924, -0.10373862354574477, -0.2586904102697925]], "fy": 2576.96728515625, "fx": 2576.9672851562505}, {"id": 6, "img_name": "frame_000006.png", "width": 3840, "height": 2160, "position": [-0.05313307700612265, -0.06081218980317764, -0.07468087198130834], "rotation": [[-0.2682520930608741, 0.5218327953558977, 0.8097724138865345], [0.09374112470542459, -0.8224520433446633, 0.5610572681117407], [0.9587770492348767, 0.2264137589747971, 0.171707276408746]], "fy": 2576.96728515625, "fx": 2576.9672851562505}, {"id": 7, "img_name": "frame_000007.png", "width": 3840, "height": 2160, "position": [-0.07275454635867787, -0.07264787056064698, -0.2422536786706558], "rotation": [[-0.6109031812784808, 0.42152677262319443, 0.6701583939435424], [0.065378394732711, -0.8167235042754643, 0.5733133053841843], [0.789001114392932, 0.39405286522272476, 0.4713804322989312]], "fy": 2576.96728515625, "fx": 2576.9672851562505}, {"id": 8, "img_name": "frame_000008.png", "width": 3840, "height": 2160, "position": [-0.05410861534945718, -0.08240856361924716, -0.34678842366693585], "rotation": [[-0.8226754443599926, 0.2661870948128118, 0.5023439177052377], [0.08795310315919379, -0.8133824346982903, 0.5750418550818275], [0.5616664782101559, 0.5172555596669757, 0.6457378938579179]], "fy": 2576.96728515625, "fx": 2576.9672851562505}, {"id": 9, "img_name": "frame_000009.png", "width": 3840, "height": 2160, "position": [-0.06773981263716616, -0.09765833999865249, -0.5118885914694551], "rotation": [[-0.9757295518675234, 0.03339054489203885, 0.21641829471980878], [0.0908145612782128, -0.8376064689546013, 0.5386725222486871], [0.19925993635817263, 0.5452526407801518, 0.8142450688887819]], "fy": 2576.96728515625, "fx": 2576.9672851562505}, {"id": 10, "img_name": "frame_000010.png", "width": 3840, "height": 2160, "position": [-0.045009618766300344, -0.10053994611866623, -0.6981262567992582], "rotation": [[-0.9635329239721414, -0.20587239619183684, -0.1709399208143797], [0.0800181928146727, -0.8312593644365651, 0.5500950651627201], [-0.25534484302697186, 0.5163565128706471, 0.8174196750470842]], "fy": 2576.96728515625, "fx": 2576.9672851562505}, {"id": 11, "img_name": "frame_000011.png", "width": 3840, "height": 2160, "position": [0.08396833425219802, -0.09549333995191567, -0.8419854579327769], "rotation": [[-0.6034946635031392, -0.5314365867063071, -0.5944484508811408], [0.09380402807741454, -0.7876558103950229, 0.6089324263076961], [-0.7918299127726168, 0.3117259209666016, 0.5251973205671592]], "fy": 2576.96728515625, "fx": 2576.9672851562505}, {"id": 12, "img_name": "frame_000012.png", "width": 3840, "height": 2160, "position": [0.1686976506279447, -0.08907538414773043, -0.9095260787978164], "rotation": [[-0.12255770881661703, -0.7153458233325051, -0.687938901520567], [0.10917293353486342, -0.6986750851466058, 0.7070603597714948], [-0.9864384672993934, 0.011551398943152087, 0.16372444515281104]], "fy": 2576.96728515625, "fx": 2576.9672851562505}, {"id": 13, "img_name": "frame_000013.png", "width": 3840, "height": 2160, "position": [0.1501147678319453, -0.08445025735413549, -0.933314373066832], "rotation": [[0.3293795702382408, -0.7151924787947528, -0.6164484423769018], [0.02870013779317087, -0.6449953215890785, 0.7636471740109715], [-0.9437612335353387, -0.26922188350820786, -0.19192204614116118]], "fy": 2576.96728515625, "fx": 2576.9672851562505}, {"id": 14, "img_name": "frame_000014.png", "width": 3840, "height": 2160, "position": [0.1362026224859024, -0.08762379770739726, -0.9621047524289825], "rotation": [[0.4281765656231904, -0.7870191019933441, -0.44414605776359106], [-0.0009390453021745945, -0.4918649521457694, 0.8706709365537841], [-0.9036945865298016, -0.3723838002157365, -0.2113440619031396]], "fy": 2576.96728515625, "fx": 2576.9672851562505}, {"id": 15, "img_name": "frame_000015.png", "width": 3840, "height": 2160, "position": [-0.087566581687317, -0.09061310829264982, -0.8560267325854645], "rotation": [[0.9458120996046137, -0.275137357552056, -0.1724497120024292], [-0.023699617128337066, -0.5881561346868768, 0.8084000156497206], [-0.32384841645192414, -0.7605075224044598, -0.56280583606905]], "fy": 2576.96728515625, "fx": 2576.9672851562505}, {"id": 16, "img_name": "frame_000016.png", "width": 3840, "height": 2160, "position": [-0.07226377951726527, -0.10891317541408366, -0.6810849295783159], "rotation": [[0.9954745787247504, 0.031106201073812425, -0.08979291325071707], [0.08248057021235394, -0.7521044079596451, 0.6538622770292325], [-0.0471944758710191, -0.6583094455035288, -0.7512664758145962]], "fy": 2576.96728515625, "fx": 2576.9672851562505}, {"id": 17, "img_name": "frame_000017.png", "width": 3840, "height": 2160, "position": [-0.08850282014577558, -0.1870089652687866, -0.48839767260867595], "rotation": [[0.983324687590432, 0.1385400179861131, 0.11781010232652638], [0.0779898947130654, -0.9064670583235287, 0.4150118335252207], [0.16428674053746434, -0.3989033831139165, -0.9021561571064688]], "fy": 2576.96728515625, "fx": 2576.9672851562505}, {"id": 18, "img_name": "frame_000018.png", "width": 3840, "height": 2160, "position": [-0.08337873134925833, -0.21187664849127458, -0.41873763275077425], "rotation": [[0.9190500370544058, 0.19750191824094407, 0.34108650906590915], [0.06936113386419507, -0.9329311512560171, 0.35331026252195835], [0.38798975177792294, -0.301051658001429, -0.8711093528798783]], "fy": 2576.96728515625, "fx": 2576.9672851562505}, {"id": 19, "img_name": "frame_000019.png", "width": 3840, "height": 2160, "position": [0.015435828083696639, -0.21805999341086235, -0.31631296584919427], "rotation": [[0.8394241831543998, 0.22154652586741055, 0.49627026986104916], [0.056563117319503434, -0.9437945187695849, 0.32565711732600305], [0.5405253533655733, -0.24529386698827746, -0.8047753080439166]], "fy": 2576.96728515625, "fx": 2576.9672851562505}, {"id": 20, "img_name": "frame_000020.png", "width": 3840, "height": 2160, "position": [0.1264700939699425, -0.21574336391181648, -0.21329888090092666], "rotation": [[0.6314496837664851, 0.28790671093735404, 0.7199867848065921], [0.05125393848006493, -0.9419820992829424, 0.33172651756867483], [0.77372105974258, -0.17256643493215426, -0.6095706017517052]], "fy": 2576.96728515625, "fx": 2576.9672851562505}, {"id": 21, "img_name": "frame_000021.png", "width": 3840, "height": 2160, "position": [0.06789509508103983, -0.20966574129875618, -0.2747393862006483], "rotation": [[0.2846277563199291, 0.32858150748665643, 0.9005670677640305], [0.0414176909681241, -0.9427610232910995, 0.33088625324192444], [0.957742880672144, -0.0568799670130556, -0.28194485964577665]], "fy": 2576.96728515625, "fx": 2576.9672851562505}, {"id": 22, "img_name": "frame_000022.png", "width": 3840, "height": 2160, "position": [0.061523247664081876, -0.20741201988044136, -0.14671220499001864], "rotation": [[0.08711715263083541, 0.32365295921481246, 0.9421566893714218], [0.05165985357057979, -0.94594752408555, 0.32017846662036786], [0.9948576405018402, 0.020778665736729453, -0.09912798787039034]], "fy": 2576.96728515625, "fx": 2576.9672851562505}, {"id": 23, "img_name": "frame_000023.png", "width": 3840, "height": 2160, "position": [0.039996829131029706, -0.2165544941445854, -0.1092696465200027], "rotation": [[-0.08861221343289127, 0.3098058190691592, 0.9466616302112106], [0.035534583929743756, -0.9488121033552104, 0.3138357968373968], [0.99543215790339, 0.061448909693429074, 0.07306750808604466]], "fy": 2576.96728515625, "fx": 2576.9672851562505}, {"id": 24, "img_name": "frame_000024.png", "width": 3840, "height": 2160, "position": [-0.015536331880522461, -0.22139536458611123, -0.19784870010120884], "rotation": [[-0.45127394485282846, 0.2369611012757879, 0.8603493188520438], [0.036019037608343366, -0.9584782239023049, 0.282881072553849], [0.8916580863182807, 0.15864585957916766, 0.4240014436551958]], "fy": 2576.96728515625, "fx": 2576.9672851562505}, {"id": 25, "img_name": "frame_000025.png", "width": 3840, "height": 2160, "position": [0.005691372163902994, -0.23271300257184183, -0.09782682472256662], "rotation": [[-0.5847760718630306, 0.18487406160809183, 0.78984700042201], [0.07122506362849838, -0.9582214208206178, 0.277016964595621], [0.8080616888841071, 0.21824983323517713, 0.5471775285997825]], "fy": 2576.96728515625, "fx": 2576.9672851562505}, {"id": 26, "img_name": "frame_000026.png", "width": 3840, "height": 2160, "position": [-0.030749184681509986, -0.2752177279231011, -0.6715907829768037], "rotation": [[-0.9299388472257017, 0.02365126009493436, 0.3669528098569496], [0.037345221261523356, -0.9866947530285161, 0.15823654864470105], [0.36581290465881156, 0.1608542469877023, 0.9166825133518379]], "fy": 2576.96728515625, "fx": 2576.9672851562505}, {"id": 27, "img_name": "frame_000027.png", "width": 3840, "height": 2160, "position": [0.02436107385066065, -0.30696517899328096, -0.8656544987952188], "rotation": [[-0.9953511688287646, -0.03702730793413299, -0.0889089253241769], [0.026985717046551044, -0.9933867034570755, 0.11159926757235902], [-0.09245317523283156, 0.10868120313262268, 0.9897680563063446]], "fy": 2576.96728515625, "fx": 2576.9672851562505}, {"id": 28, "img_name": "frame_000028.png", "width": 3840, "height": 2160, "position": [0.05200012164107243, -0.3133097110359659, -0.9510543221707188], "rotation": [[-0.9227314728866156, -0.06186960702829991, -0.38044535684992714], [0.02959190214198959, -0.9954912398422607, 0.09011878493344667], [-0.38430565589140586, 0.0718973420678793, 0.920402048266507]], "fy": 2576.96728515625, "fx": 2576.9672851562505}, {"id": 29, "img_name": "frame_000029.png", "width": 3840, "height": 2160, "position": [-0.04464442189727711, -0.2936180108697663, -0.6654485284290973], "rotation": [[-0.7607418259737918, -0.08626559708394793, -0.643296283464095], [0.012755323876950313, -0.9929237738804526, 0.1180663654557202], [-0.648929243655856, 0.08161257071603331, 0.7564590030391212]], "fy": 2576.96728515625, "fx": 2576.9672851562505}, {"id": 30, "img_name": "frame_000030.png", "width": 3840, "height": 2160, "position": [0.5333613745778506, -0.27063515891269935, -0.1759817210877645], "rotation": [[0.08144389350236562, -0.06508392073361488, -0.9945505980719779], [0.010152109808408284, -0.9977595907068921, 0.06612527917887676], [-0.9966261804356868, -0.015482284779285791, -0.08060060345204527]], "fy": 2576.96728515625, "fx": 2576.9672851562505}, {"id": 31, "img_name": "frame_000031.png", "width": 3840, "height": 2160, "position": [0.42301276757189643, -0.2773347137858103, -0.22427456637455845], "rotation": [[0.41346873620426317, -0.06454244458972502, -0.9082278307413623], [0.02289302184173229, -0.9964320777609926, 0.08123260648692851], [-0.9102304264513091, -0.05437922077492917, -0.4105158558609442]], "fy": 2576.96728515625, "fx": 2576.9672851562505}, {"id": 32, "img_name": "frame_000032.png", "width": 3840, "height": 2160, "position": [0.385032812069329, -0.2836283802111694, -0.04833689121135293], "rotation": [[0.7484553956286761, -0.0012897200733084566, -0.6631838372702034], [0.015046322703615451, -0.9997074609091994, 0.018925133533930685], [-0.6630143841331029, -0.02414309690803867, -0.7482169822692475]], "fy": 2576.96728515625, "fx": 2576.9672851562505}, {"id": 33, "img_name": "frame_000033.png", "width": 3840, "height": 2160, "position": [0.41245327395516806, -0.3057120235572573, -0.11287801060404365], "rotation": [[0.9214325647972965, 0.0010011030653393552, -0.38853702639624227], [0.009366089520430228, -0.9997632525994607, 0.019636104038272362], [-0.38842541041399054, -0.021732418350453715, -0.9212237890118125]], "fy": 2576.96728515625, "fx": 2576.9672851562505}, {"id": 34, "img_name": "frame_000034.png", "width": 3840, "height": 2160, "position": [0.35640201155971846, -0.3150380323016128, -0.1668959566404836], "rotation": [[0.998100122537024, 0.029004115358932128, -0.054359051154985565], [0.028639557559981658, -0.9995617369446435, -0.007473671255858934], [-0.054552001732228655, 0.005902652922026856, -0.9984933569705292]], "fy": 2576.96728515625, "fx": 2576.9672851562505}, {"id": 35, "img_name": "frame_000035.png", "width": 3840, "height": 2160, "position": [0.1862500096548578, -0.3037230888258411, -0.1618931939112654], "rotation": [[0.9376717764993783, 0.025260990322990153, 0.3466028185001166], [0.018893349155590808, -0.999585015117946, 0.021738859597981358], [0.3470081739412026, -0.013835426514481143, -0.9377599134986353]], "fy": 2576.96728515625, "fx": 2576.9672851562505}, {"id": 36, "img_name": "frame_000036.png", "width": 3840, "height": 2160, "position": [-0.04734380841415536, -0.3166281192908387, -0.09466264116472235], "rotation": [[0.675090261225299, -0.0007810934413022153, 0.7377346909387346], [0.020092203925796675, -0.9996088631976892, -0.019444439402315286], [0.7374614482553231, 0.02794946824721474, -0.6748104598226236]], "fy": 2576.96728515625, "fx": 2576.9672851562505}, {"id": 37, "img_name": "frame_000037.png", "width": 3840, "height": 2160, "position": [-0.2610089884221593, -0.38498800961176655, -0.1659872946504129], "rotation": [[0.18942260013572135, -0.16104736585135782, 0.9685983657992301], [0.002364335587562213, -0.9863798405316266, -0.16446624548416627], [0.9818927936357561, 0.03344371299314097, -0.18646183401447544]], "fy": 2576.96728515625, "fx": 2576.9672851562505}, {"id": 38, "img_name": "frame_000038.png", "width": 3840, "height": 2160, "position": [-0.22154362626000004, -0.46196962777775885, -0.1448007443321831], "rotation": [[0.1943529760152282, -0.35238476908036875, 0.9154516765075194], [-0.006039192882043555, -0.933659218693703, -0.35811128964091365], [0.9809130061578275, 0.06407138315285604, -0.18358744836234747]], "fy": 2576.96728515625, "fx": 2576.9672851562505}, {"id": 39, "img_name": "frame_000039.png", "width": 3840, "height": 2160, "position": [-0.1441260109341472, -0.47792237728837483, -0.20131848671132369], "rotation": [[0.09814761053021369, -0.41412453522589343, 0.9049132140665144], [-0.01964367800440736, -0.9099324846334005, -0.41429098305391776], [0.994977980451181, 0.022885848231171464, -0.097442636803441]], "fy": 2576.96728515625, "fx": 2576.9672851562505}, {"id": 40, "img_name": "frame_000040.png", "width": 3840, "height": 2160, "position": [-0.17871999710148112, -0.5014362397845528, -0.3372289561810967], "rotation": [[-0.19646260706104962, -0.4517519157710726, 0.8702428850800488], [-0.0012842054108903238, -0.8874205636248893, -0.4609589340565851], [0.9805104911482304, -0.09167875799380291, 0.17376478843220733]], "fy": 2576.96728515625, "fx": 2576.9672851562505}, {"id": 41, "img_name": "frame_000041.png", "width": 3840, "height": 2160, "position": [-0.08580798879065957, -0.48860866173248757, -0.508574788654008], "rotation": [[-0.4935944281776319, -0.40176485031283543, 0.77132960874168], [-0.023900538042175904, -0.8802981330062117, -0.47381825043724835], [0.8693636319456794, -0.2523092848454561, 0.4249080263370284]], "fy": 2576.96728515625, "fx": 2576.9672851562505}, {"id": 42, "img_name": "frame_000042.png", "width": 3840, "height": 2160, "position": [-0.0882847639881732, -0.4856991254599846, -0.6108442686763714], "rotation": [[-0.689811640693016, -0.2935321359234102, 0.6618148842142678], [-0.016113584787095975, -0.9076718670583139, -0.4193713266272396], [0.7238096491292534, -0.29995140005011217, 0.6213926168360322]], "fy": 2576.96728515625, "fx": 2576.9672851562505}, {"id": 43, "img_name": "frame_000043.png", "width": 3840, "height": 2160, "position": [-0.06801182290284936, -0.48660890450454364, -0.7693177941724032], "rotation": [[-0.8718247389694392, -0.20366585114707986, 0.445468056383871], [0.012515895435193302, -0.9184222569188812, -0.3954034049119842], [0.4896579628101063, -0.33914704971600546, 0.8032523589780431]], "fy": 2576.96728515625, "fx": 2576.9672851562505}, {"id": 44, "img_name": "frame_000044.png", "width": 3840, "height": 2160, "position": [0.05427194518804309, -0.48476712195443267, -0.9714173998208937], "rotation": [[-0.9834707551900758, 0.07025482890449891, -0.16688071352528278], [0.004593531414380962, -0.9116789844233374, -0.41087708832573433], [-0.18100777055213124, -0.40485224620531357, 0.8962872457590252]], "fy": 2576.96728515625, "fx": 2576.9672851562505}, {"id": 45, "img_name": "frame_000045.png", "width": 3840, "height": 2160, "position": [0.04966668900917193, -0.5004985473344482, -0.9820931920051778], "rotation": [[-0.9008039032759858, 0.17768505974679302, -0.3962073836365], [0.019809552198013818, -0.8946788937729064, -0.4462703242696497], [-0.4337739652711032, -0.40985075359794415, 0.8024104317312206]], "fy": 2576.96728515625, "fx": 2576.9672851562505}, {"id": 46, "img_name": "frame_000046.png", "width": 3840, "height": 2160, "position": [0.2138799602765473, -0.48160436825743425, -0.19594414731807655], "rotation": [[0.061532083138583035, 0.46192296454050935, -0.8847829391216164], [0.02755845454104159, -0.8869109284880494, -0.46111742400485844], [-0.9977245141389921, 0.0039902340375489965, -0.06730323991332707]], "fy": 2576.96728515625, "fx": 2576.9672851562505}, {"id": 47, "img_name": "frame_000047.png", "width": 3840, "height": 2160, "position": [0.3158566455054673, -0.48067846164516614, -0.07008904413491049], "rotation": [[0.5273729350320623, 0.41113113688617514, -0.7435381682502219], [-0.004375867112553604, -0.8738018194275166, -0.48626264393679736], [-0.8496226639804447, 0.2596953896088115, -0.45902040493732416]], "fy": 2576.96728515625, "fx": 2576.9672851562505}, {"id": 48, "img_name": "frame_000048.png", "width": 3840, "height": 2160, "position": [0.35316928370359796, -0.4823026172564634, -0.014853988140557467], "rotation": [[0.8475444446183992, 0.26248593789477553, -0.4612694578140919], [0.010046719774072134, -0.876911012441352, -0.48054731293478037], [-0.5306292903019842, 0.4026509517616425, -0.7458581479831633]], "fy": 2576.96728515625, "fx": 2576.9672851562505}, {"id": 49, "img_name": "frame_000049.png", "width": 3840, "height": 2160, "position": [0.3017006039287586, -0.4919900056404004, -0.05418452735610814], "rotation": [[0.9932590372680011, 0.0600414911247101, -0.09915394197495743], [0.002322823506734169, -0.8655337737374218, -0.5008451712191563], [-0.11589257679682692, 0.4972386754729672, -0.859838708594079]], "fy": 2576.96728515625, "fx": 2576.9672851562505}, {"id": 50, "img_name": "frame_000050.png", "width": 3840, "height": 2160, "position": [0.2956520426739043, -0.4960337096540533, -0.04012452314894276], "rotation": [[0.9489261809979732, -0.15151339720407647, 0.2767359560666656], [0.0075589991262542304, -0.8659695000611167, -0.5000395349889799], [0.3154076099980167, 0.4765924521931351, -0.8205958370415127]], "fy": 2576.96728515625, "fx": 2576.9672851562505}, {"id": 51, "img_name": "frame_000051.png", "width": 3840, "height": 2160, "position": [0.10297505888143162, -0.5307425667244431, -0.11114916948412563], "rotation": [[0.6525914075803916, -0.36369222437854937, 0.6647197811169228], [0.019464264736718483, -0.8689385806945834, -0.49453686050066403], [0.7574599420958218, 0.33566878008265416, -0.5599828183089783]], "fy": 2576.96728515625, "fx": 2576.9672851562505}, {"id": 52, "img_name": "frame_000052.png", "width": 3840, "height": 2160, "position": [-0.2265194387004356, -0.8540960736791807, -0.052525955319563465], "rotation": [[-0.1545759316348775, -0.5284664141499585, 0.8347630052605368], [0.020202781705582432, -0.846432118830143, -0.5321128707181922], [0.9877742016511036, -0.06538737407239575, 0.14151476202212898]], "fy": 2576.96728515625, "fx": 2576.9672851562505}, {"id": 53, "img_name": "frame_000053.png", "width": 3840, "height": 2160, "position": [-0.28072743719674514, -0.8749343519786873, 0.008583818996538357], "rotation": [[-0.4472527895707665, -0.3937384352339305, 0.8030782960646916], [0.008680360312595151, -0.8997570507439303, -0.43630446889457497], [0.8943653371723864, -0.18816743302726305, 0.4058368679882641]], "fy": 2576.96728515625, "fx": 2576.9672851562505}, {"id": 54, "img_name": "frame_000054.png", "width": 3840, "height": 2160, "position": [-0.1681151133704972, -0.8597431371778855, -0.27654720517971354], "rotation": [[-0.9004078014016279, -0.20757506900598652, 0.3823326056728964], [0.03394792917986786, -0.9096753749891496, -0.4139300531710971], [0.4337201502557441, -0.35972648156757736, 0.8261257017141445]], "fy": 2576.96728515625, "fx": 2576.9672851562505}, {"id": 55, "img_name": "frame_000055.png", "width": 3840, "height": 2160, "position": [-0.04373868077888411, -0.8435640048241116, -0.75965975153445], "rotation": [[-0.9978360899463897, 0.00732584693767641, -0.06533845967218135], [0.020608092438368118, -0.9088451599894045, -0.416623861845936], [-0.06243467683698866, -0.4170689004229585, 0.9067278681294699]], "fy": 2576.96728515625, "fx": 2576.9672851562505}, {"id": 56, "img_name": "frame_000056.png", "width": 3840, "height": 2160, "position": [-0.12625275590618446, -0.8919518416040716, -0.9495335116237758], "rotation": [[-0.9408488706428905, 0.18703068454609414, -0.2825290702543798], [0.013327586445179848, -0.8127730840162456, -0.5824277257595726], [-0.33856392002121427, -0.5517419716970434, 0.7622041971046447]], "fy": 2576.96728515625, "fx": 2576.9672851562505}, {"id": 57, "img_name": "frame_000057.png", "width": 3840, "height": 2160, "position": [-0.16798552157203014, -0.8784743869926973, -0.3712266411219607], "rotation": [[-0.4339116183924951, -0.5466756616270186, 0.7161469590314485], [0.04781654208412444, -0.8077281469429733, -0.5876128551205357], [0.8996856808066065, -0.2207283628907985, 0.37662273207258995]], "fy": 2576.96728515625, "fx": 2576.9672851562505}, {"id": 58, "img_name": "frame_000058.png", "width": 3840, "height": 2160, "position": [-0.5051596914191211, -1.2326113518925637, -0.24138804095268507], "rotation": [[0.5819595328009264, -0.2956644505147783, 0.7575655721696317], [-0.062142973321112745, -0.9450100391909066, -0.3210826940472759], [0.8108398820369647, 0.13977974907560572, -0.5683310321296965]], "fy": 2576.96728515625, "fx": 2576.9672851562505}, {"id": 59, "img_name": "frame_000059.png", "width": 3840, "height": 2160, "position": [-0.5118140789772255, -1.3438210107407549, -0.17181830495881856], "rotation": [[0.6918229447155586, -0.3028032758597888, 0.655508298731438], [0.050284256927936526, -0.885413884203055, -0.46207508330306557], [0.7203141308362683, 0.3526358819418558, -0.5973233452934783]], "fy": 2576.96728515625, "fx": 2576.9672851562505}, {"id": 60, "img_name": "frame_000060.png", "width": 3840, "height": 2160, "position": [0.15874975781617778, -1.3910072293431892, 0.0726704347536128], "rotation": [[0.9140243139181224, -0.12244345233779338, 0.3867391074049666], [0.07689273288368567, -0.8837811874461269, -0.461538665988883], [0.3983052144354451, 0.4515949884052325, -0.798382464543721]], "fy": 2576.96728515625, "fx": 2576.9672851562505}, {"id": 61, "img_name": "frame_000061.png", "width": 3840, "height": 2160, "position": [0.21592256148404268, -1.4074147604812364, 0.04263116004186891], "rotation": [[0.6564697176852701, -0.14807294886148503, 0.7396768900293169], [0.15440114145393424, -0.9334112961346813, -0.32388822741080325], [0.7383818709486983, 0.32682976938010716, -0.5898936078010514]], "fy": 2576.96728515625, "fx": 2576.9672851562505}, {"id": 62, "img_name": "frame_000062.png", "width": 3840, "height": 2160, "position": [-0.5205661727434711, -1.377328179017613, -0.33028168322793305], "rotation": [[0.26258966014713253, -0.26095100019116907, 0.9289516273575497], [0.005354770799366005, -0.9623273378450661, -0.27184021439992145], [0.9648926763639039, 0.07635673666768034, -0.25129975803143484]], "fy": 2576.96728515625, "fx": 2576.9672851562505}, {"id": 63, "img_name": "frame_000063.png", "width": 3840, "height": 2160, "position": [-0.4090616143925483, -1.3356325319699227, -0.2914537714597666], "rotation": [[-0.16181214658051593, -0.10278446203114111, 0.9814539571527916], [-0.04786161509378768, -0.9925727057149383, -0.11183984922630495], [0.98566007398419, -0.06507104148019624, 0.15569120153437443]], "fy": 2576.96728515625, "fx": 2576.9672851562505}]